LOP = 13.651
CMOD1 = 6.59
CMOD2 = 4.218999999999999
CMOD3 = 3.3579999999999997
CMOD4 = 2.306
